$ANSIBLE_VAULT;1.1;AES256
31356332636366376232373764326538393435303263643930636635313466353166373535613366
3037373838333538623237666230666234346337616663380a306661343635643532316638373737
36343239303933613835366137363931616333373461326439383033363731373264613964336539
3863653836643931640a313362383139663265633366366563323762363232336332633130353431
38336266633164386439333832326161383331656638303234313562623962663764383832333861
31333762643935303530623065643836333738383762333963623965646639393336623836643437
37373266623534363935363035306634396530316235363630646438323561323734336232353437
65343031623439323262646238633637393537313435663164613338643238623563343539313137
63366336343162653930623839656634613937383139376234663766383732633861386264616363
66623937363233346632666539386165366539346266623766626462653039303439343031343736
36326139363664343137303330623334646265333439643133393132633237353936383237383062
64396430386265363432333665663766363131646263666663306261636264376135633733663366
64336437373861663865653662333864323666333631376637623465393632363061626231626633
64666632373832313961343336383730633935663064626435653730323264663430646137356135
35396166653033656532363136666564363465333533616238636163636164633433343964363230
66363637363665336235386230363861356461303466393935356230373539653865376561386132
61613530623238376430336630303764303731323133376561613464623231396137663437326663
65376366623230383938666361363765393130643936383332353666363236393638643633303765
32316666303831393163613835336665343361626531353837633836393037333161616631363636
62306335356162313035383534646462373532623136373237356537336461353435623431313939
35356437393337396531616365383064626164343434386339353463316363366563353839346230
65363335333832326433316262336539353766633636663135366533353666383039346335666137
39396232386633396230616634643039333331306162613533643839383362633962373766316538
36613361333539613264663139393034373261383161396238626262313064383433386561353336
38303364643031343863333264643839623630393966336238393263323734633738366139363733
65613030336366346665336130353863323336386464613462353063383162656233323234353961
38663365626266333536643339653166383137373137663937336266616532336566366236643061
37626461343739353636386433623666663964656635333035383836623639363561616136356363
37343966303830663133666133396666636262653932326261326336613661313161343531613635
38356434623562363066353839356363636162306162626233633239366533646566656339366137
65383339643831303065653037356439333534656332613966303238366532393261396131333631
30383537386665343233613038323561393662336135366364376234353436356237663262306265
30643434363764393438383731663931306238383931393235366165616466653362666634373133
32333634636235393833343137376238343336396133376466333534303931306436323439666230
61303366323765656363643366373930393432353638386337303734623262623533386463383635
35376437626630663066663931613263653834313338366664333339366133313931653535373037
65666261643732323362636364366536393231303163623862386536663762623530633532316466
32363632643930363265326438623230613939643932333665373235633334323932383530343531
30663931306631393635383237383135363639363136663666316264666632613366613830356137
63396361633133373737346431303665653964343736356639613464613039326330653930343865
66613932373436333139656166353935303833653333313438623139306232306166613138623666
36336465346239663630646563383030383064363436376166626266396431366434633366653238
36633431326339386438313039633239626430363838393664303034386333313565343335643861
38653864326164656333613836373231303630646330656564396438343062376463656434346239
32316132383334383135356433373965666638303937383334383066383338336461333139396637
30396464623538613533303330646535393766373439623939653663363065653731333135343931
36613062323335356266393962316237326334346466333464323239613830323566353764333634
64306332353531366264646131316532373839336537653334373762336432653937643230653233
38383735333163316136346563373865346134663061393534636431663733356531316338656132
65633736636635306538623762633030656639653361343835356136613633663837346431323535
39356534643462633166386364376233353665383064376335633538346336363065616362383033
64313466646634306532643931333831313138353736343461646534356439636164376166376664
37393730386337623262313530393238626538616633393065313663636238303734663231363663
31613732303231353062356531613738623461373231646566393535333062626432303865343237
34633061626235623935373866323035646639653935633032393030366363386536663062663738
33363730363166633939313563356565346661626638663932353462323332383365323065323037
30666231636665623334383038306264386337373866343632343439303164643730613632303264
30306366333732656361653838313162333865363362306162333263663437656631383830653433
63646166393132343964613761623539633838663863393234623763653633383566316162386139
34636434363532383365343335653739366138393039646361386130343266303339313439616135
38323232646533336533663162663361613433393865326362646534633665643133643762323166
64653336633132393766313562616431383562343438353766636533353834666132336266323235
31636363353937343031633766366364356537653331303661663635366437373537373036356663
38653936393864633766336337333031323230386164653634636163383533653262636432393063
30333662323535363537353661376634336336353739396333643764316432343639346336333436
66306666306130663361646665356535326663643862636661623536346538386436653730386364
33653537386338333937376331616232636164386132633761653962366661343830326637373066
38666130386632616132363364303365383461623064356465373834383735363066373062313361
31316533323836333537303761396634643132343963636563666161393934363930613465366263
33333666656432636166366264653266323339326532636265303762396639343833316539613734
65316262383965333164663839373664643435326635383161316538303966636266323037346539
39373163333131386539616232666435373839643065646164356535376663343965633035663537
34636663666461316130643362643965393261343561663534336338626162343032633234663363
35363437343562653735343366623430626166656531623364363537333931323764343031653665
64636462653263336336656539323430663430396434353232626633383736313130616330346362
37313238323365373537326230366661643366636532323431336664363631646633303364346233
32366264643466333538303633336266366530313336376636643266623063646166356365653830
32343537393363396365613832393730656532393239373539313764353862613436363835343162
33366132613637626465623934383365326334623630643661353934623839336563323661646365
36306666323265393132646164346433383435613863333131346366366136643530326330373837
65326438656333303763343865376634303364366432383134393862313834343434303565643063
34376661396630316531626662373362353865353565653933636664623932623364633664393634
66396261393932663838386536306639303731366632353832393133396332353339386530616139
38353431343733653663323138303833396464636663323535623165326534393163623337303461
61353663316332353832346635386137626239326133396664353130643666643938363537343662
61666336363432633837646133666634636633386539626138346330303163363436623930643562
37323963333862636463623934383539636666666339656166303331366133643237376537343035
34366636653666386635313631353834656535636630646638393735316161393461343766336635
38383036303536663461366662313735636334636364626239653166313231366534336232336663
64353634306135653839393532353165346330613533353464373138323036333266386633643036
34663633303863356231343330313462353766303738653732653333626662343039616332613836
65646530383532653864386137623438326461393564373738323835323137383766636466346638
37356236613833613535383566633638666162323862393532313538313763636263313263386362
38333666663732623638333261353763383364383436323136393831386234646630646534396438
63396230346662336237303434303231643766336331306537613963333437333534633935626435
63636637653964363634623062643139373163303461343563656337623931356139643530666433
62356438646631633765326163393065346663663062383436303137343230656263323661373138
30666363623966346534346261653865613739623232316662653738386665356664363665316236
61623938323064396363373439336538363163623937303363613734663862326534373061343634
63646432316165306136303063396637383635623062653762316334346338346431663864393531
39653261396439356531313533653135653835383865636463343163396537326565336338616661
61383666386636386432386263656561313137623761303836306137613434353031666132656665
66353834316438386534383865653466636434616334376238353136353736303339313335393161
39646130396237396636353033306465303432383737363835363363636133356436353963643130
39376363633331396132656239623532653637303263623965326263313638396434336131323939
65633937616332626363353537346639633264383166616138356664363864323231343564373835
64363139313662356163336464633235623238613036303337346230376166326563376163306661
63623764616562636539393936383831623864303031646538353962633539333666323664666161
64343461646534353266323338393835656337366664316638393062653930313032383466356166
39636462613639633161363734383133366662303063626166663861336435623466633638383562
66383062313665313631353961333235336532636131356337383434343834356436623838656662
37653731363463303234323939323435306130643630653135653466663438303936303966313962
63363931363232393633653161646337396263336661646263616166316534613364656433343330
34376138326566346432616431346265613231333263623163363137653833623635373333306362
66306430383664353131633766653035363637376264346463356235626439613332353335623666
30366663313062323263643931623036653336623063373136393465653362383433353933646530
36396332313831343330346463383866356466326466623339633639343735313933643963616334
31633763326366643139336335656134373265306132306263353565396435366335343534333231
62663434643966666536643961323431376662636430376632643531316335633962393263303163
65636531303063323733366231373862303964633533636163316338326236643733626133323236
32656362663436383033386630656332633032663033656232636537636231366163306365373463
31643565303936343366363937383564396465646334373166396233346461326532346636373836
38373430346336633163646137366634366539626464623066393933653730623661376336656664
33316434656665363365636365623661323539343266643035666635653138376566663765393631
64343436376264303533313762366665666437333838366438366435326632393364623634386464
37356665343236326138656265333635626531623439663631623230323566663035653435613134
34626439633566666666663331306632656439616338633966663631653064346231663864343531
34366536653635356537383936396435306438623164363232313530313166663430353935316431
31336166303463323136376633626239653138643639323131323534643465366236396437333562
61633034663665643030613061336237613537373232623364356231376631366435336535613764
30643162313533623732666137666537336565636433303138353035343936383136323532326631
65353235396130316362633031636664353032346265366131313532313965353164623132316336
64363636346565656333323234383038336431366333623161333238343138353966626563393066
65393634626537663338666662636637363539376364636237646233323632663766353039643162
37303032643434353262353136383735356439636464333238363162326238646236306138323966
61373062393835343661656264373561323837626461646334333733323065643562333839353932
62636631336663663561326538363761316361336639383530386365373637343532383661656638
39316265316433303435653761656233366336353639353838646564663434336438386262353730
34303432303831313966353838353838616532613261326265373664643363316537646536633235
62353335356237653433353439353534333164393938376535383937306331623636303436346562
66373966646332356565383830363030313830316538636434336430356136376264353763353963
34306339336432336461653062363230613465313665666536633231343334316466303836663637
61383032373962383537393661323535333665666634353362306364396338363835303531396233
61623663316562343431643936666333303565393535636439306465336263666139616138663335
65393935623464313031616461343763663833336565346337626364616637373561316430373732
66646334646666633934393234316461316334346465326461643332653162383134366163356161
61316162313139653035373163653765643935366665306136306533353337386464333434393463
34636265303161373765646664616531663131353261336564353138373864306566373036333961
64303831623130373463373935316565633062306433653738326139633432323235323766363164
66636664653562306563396332353461656236646230366235323039333864633863666464326431
38326333303061326461633532646630363864363366306631386162306162653961333639643063
35363366343831656336633766653065373033383434326438616464643631623734363163663231
34373666666331636666623134636339626633313933376334616264353433396466383630613562
62653235306235386532643033353762316664313661663863653338363534306533323666663161
36343534353263656539366236346163303931376563393636393262336338646232616537616134
35376361313935323230653464333631366634336236306136613732366238383965663430626135
38636464613633343534323865303532303537613665646436313464373739326331653937383363
35613736313030666632613435356437343765366265663631396538616135343439376161363732
31396236323263366330363264396563353937656237613965363130626461373266373363326537
34623239626331326461363861626331333730343364333661393135383262643261636538393432
66386439343834323134623339356261363433376533633861376564316137323736333866393561
66373735623930623133626561386332613234383039343338363133353332396636306333613833
38646461376337303663313264356539636664303633656639653365383464316664356231373363
64633932313562363833326434396361656431396633336666646265306563636262363930303439
35666364633739383633386337633032323934363639316433333838373339616566633933336537
35323363393362366663373535393632626131656436376263333137363462353939343161323034
39626338633138666131663663616264613733333033333161373365376636393562306237383931
38663330376566623433323934356133633866313063643836313236353262346163633432313264
36396333666163316165303562373732363161663164623832636332663536616135636565366566
34343833356633343265366366373263663639326236633764373631663366386232623437613130
33626534633364316339313139393233653638663363366539336563313335303466356366633135
61303532333530326363616231643533336564373730623332613766353461336361633265613764
39323234653735313166623634356164623765336230323438316165613261353032643364356237
37396165623238666338633137303562336161613364656635346363366131396566313961383664
66326230626262336439373234333863343135643637383432663930663334653237626136633937
31343032313437323866383032366433393766653366666432323465353037323835373764636634
64666532653132323030653139346265326434623436346637313862306635666331666432636234
63653931663135373665626238373335316436613964653163623732343665653334316430326264
61663961616661376437383337356465333131616666353231333531313566366435636163616661
32616430613965656531623935393536373034316166376331656537613834346233663833323331
31386133666165653439633130353365643865663464373330653433313761666431363865613739
65306361643666306130623432653133333630343932626337346131356237613437666638613137
37336362396463393338613032666563613265333161633162323036636635333630666264386431
38346230643264363435663562316334623739656331393832363030363833373937633566316634
31326633376639323161616661623939306634633266393231306331393039363036373335613862
31653738643237633765323563306430313931653134643563393765353130336561633166633034
38656139313563613131623162363064633565653033633838366432616436316164363537336362
30623239346136303365303066633736636536303662303733356635363532343237616633336265
64663035663233333933656538656130356665323234356565373264636332326236346238623962
66343435393338363434326339376361623066623636383566353032666264383330376132326239
34656430643464383866633731623939636261623163393565393439356532396135393538656237
31323131653237353863396237663663363062663765623032323333356537663539306464376631
61353439373736623134336139666165336162623261646664383333303066306162613865306665
32393037393631336434383961636133346361353731633066346633343830353533616137393831
66613764336362343136343366656637613864333536336263373032313238646537373564636261
38376530353732303261653835343332343362383039346136663561616338356534316261323162
31303764636439666563383630643061353963343937616433396362303233326162333262313030
30663138303963313233373063333763386466356232356230623064333636326661366331373764
61306230353131323134356532366435653039333465636538663462666166656264643639376538
37306539356132373961303666343037323035336561313463376466326565333535306337333135
35613536653035313338663036353664316636666135323066343866393737653062353731623363
37303166376435343637653937626133363736303061383937346632613435643662346363653264
63353730393662323761326363656363623436346630663439323536376533336562383866626139
35316564333935333866303936383530663531643063663732376232353931616634323336306236
37373162616538643030363339633866383132623061323134626565646161363561363834366433
63346137343761356561303964333838656533643164353962343033623431656661656235613465
61383532383531336432316363316339303866613837376438626232316262636264656263396431
39663230643836376431373237326633306339633730353563383131646132326335653138393931
38623333643030306433663063386137623165623339343032653434323637383165353966346232
33373665663735623335663565353332633765393066653962623762656361363837396162306438
30363437626566623439363335623066623836343933646262633164653739303530623336653439
32656266626639303366613561613530346661363639613832633134386362653762633936376139
66636635636661383166663533396637306135613833396338613532623631366463376434613662
38396634646537326333613737653464376435666636303931336138366134646239646538373763
35396462306337646435333032343932653231646666303637636331313863353437653364626335
36346239326537303632626564393136646330653232336238386334346461366336363632323731
31306264653738626663323264316534386665303161643463383866396134353033623266636463
35633132346664626539326231336534633365393263316636636561356465313461643363356530
37626461633962316439663134323639363430356466393230303235616163623533393364666238
31626263323035623463323561383939366634333862303061646362343462613332386532623436
64343934396636343932323664383465663531313561343463366230653232613935663663633566
33366664323537373637643163636438343239636462346132316235663366376330386562646161
65613636373631336534656537326638626334386439666263333738323235313236316161346664
61646230333030336532313730396330633235666438653336306437653233333631366164646431
62323931306363366335343265666530616636366466626233323730343038316532323638303639
37396336316637626361323766376464313430373339643536303939336436633035616661336431
64663062383135303663343664356233656430373430356565643663643034653532376132353865
62366162396330666137353865653732623834343766303966323634636161373662303132346437
38643163643131386338656234333236646132333031343831653330616234336234663036633263
61653130373731396139393333613532323661336538323161623363623432376531343130623436
34633931356263303664323863363738616430346365363139336266383162356231643236333537
39333632646230333739666439303132666236646462663837326131336362333235643762633962
39663663326338333266316535623763623263666132343338366537363230396432376261616634
38313464616363656633373236633230633632303063303861366238663363333865376661636533
37336635343534653830306166313430353563633530623132623035666264653530303763303361
39376564623062376461663261393432356434383538353366303937346136653630633435303032
31313830633263643036666362353836363732346137396565343433643633316137613463643962
64383966383931373736646636343833616433343938383562393634306463336534356139316132
30303661613563323166623966656437633163623234396631336434633635313462373237393764
62313761373538623335666434373332663033363434373863396365326332643263303461303061
65343134353337633035376561313163363033343562643732656431363365396231373330393438
66393064353062306232613163313830653730633235333737653230643465633265393836373534
32353637653133363365336139333764386161633961353663303739376438633261646364636234
61653733313364336666623932656431306131653636346266636131363833333562336636316332
35636138656461343339343161316363316662633665613764316531306161636134313330393961
33616339663161316236636161336663303561303733363965636130323764343962373164323262
64343136376537363134373035323631336661396435353566376631633734313261346638313132
61623462373331636161616230396338616433396136323730623163336364613261316264623832
30363633393039636630343631633336343165646336366135323931613165653863356261356434
62323266633464623831343862326331383536376333303038343038373864393461316638326466
37353463343064343366333562326237336334353838323663346361613734353839316430363530
35346232373237303138343935663466343666313962326432323337393332646134353335356662
64363662666537303532653764323236383738623966383466636230346339383137633231643864
65346337626530613138323765373333336563306164393061613036386436623666653061646166
61336539393435616532636433656632666531666339666535333531643633653732663936363435
38323936353735336364663531336264316262636564373266303730623466613736373330623233
32303233323366313835373261656630656338636334613036376135366563323766666433393865
31386163643830323164363935303163386562653261656165316635303531316435633339646432
66343066346362373338623936636233313730326362306633393534383066666435303964336661
35633862646664653231383431616462663866306232663333626431653034626634333838373936
62363935306432643238323238363662663533306631323337366461333864623037613233323064
61336638643337366339333864393835613864656338316637643064613037653530353531396263
65373336393134326335306266663333643366663431646331646533633962373863386637623533
34343338666434626630313961336530643935313165333830346563363234633734323431643131
38613662316238356562336661366164366432386161366561653935643537616264616133323530
31623932633436323563343765336665303531613333306362393264353434663864336666343230
62643865623239306564653363666263373966333932323530333137383437613663366235663062
35643033356662353439353830313964663265383662323266363164376662326162663361626431
61316264636436386535356164383530376531643033636232363231363434393566303031626461
30616637313666346138636632373038323135336233366165383835396435366261616161656236
31393736303362356631643234383931646232663934663339346135653438396166656236393538
37373231393862393764373965363764383163333637643931316236393733383338656365623837
33613235313234346339643962636234363236633636643238663064643762653633343437343936
65366662643936313432613261333465633435396130343937326432353836393065383765353365
37373635653731626431386234323030343235383937363631643135303037666433396138626436
39636338653966323931313462353731363061663838396666326561383066373261313632346566
34336339666332366266653762633939656464376432643732666135306238303439383138363964
37353330613334353034376537363861346365363335323234396133363261663531646437643961
66393639653135336161386130663661343031636130353737633564386364333862353162303035
64666163346564333861363862343466643663313964343432343333613538386233363339326362
34383262303831393931366437666561356164366566633237373766656163393162643061393737
30626130633831633261613731313338393364353039343730613832633436366433656262363431
37343532333730326636396562343733396265333464636635363934656466366565616366646665
62383431613535386466306531356231303731386565663138663535626439363736666339663535
66663264316133303439303262303639393737646538326631343439363364656566643435663431
38343937666136346161613765376263636335653533383035336332383938376362663038656462
66653761306636326434373736393839306266373161666330393835653766663330373435373434
31663330666134343861346464376432336165646537323831363866633630333639343165303231
31346234333634636230333931306266376234333837643234326334383232313234653537636531
30313865653862336661393966646566353035636232383532313962623535653266623337663562
33646230663936356562363763636464396166613736363761376539303434613633636631373161
31356662373661363133623862356131313737326133326635326630383566393039313334316333
37353834653633343561623263383037663964666230303835376362643563343136643066666339
30623565306461373838363434653265346563656138633838393930303637393638313139336231
38353961386139636333373432653331663933393031386165383334626536326166353865323263
37623733366132303430613432396432613165393432366365633535373262303061313931376236
63633532626331383437313965386536303439626133393361653336386636663664613434626265
37663236313430303865303030383236646564643532326235623261646233386130333461393363
33336636653036393233363432633730636537626462333730616137336536653936343833366634
37353830303765386334646366653463343764313166396235666139656330313738343564323236
35643031653763323063373636636235393337343632613339663366313937303531323939623431
35386536663962316238313436653237333161663462316664373562663138656531306661303831
38633533366435396534633632333162613565626532636433633731353035376531333338316465
65636163323137396633336263383335633565653562383532383262643131616230393032326135
36313431626365373964643234663237333233623461613436663634356638393436303437346165
61383533323533653236656334626532396266343334343139336232303430316361613262383634
36613136313465303462656234623261366537336365373531393362313035613232356538336462
38333963653438323238303238356237396539613035373461363030376662643630396538393765
62393737383966326237616332323466643834306665346466373434613239303337396236653630
63323930383339393763613431643736346164366531366231303462303561306132313962663562
35633533306332396631616432306532393364306537623439666566356463373434363136613830
62613333323736666232313062366431636662653730346637396163376366313165353732646130
31356433343734326531336135336434326639613265376132636462366130323161643666306430
32643130373863346439376539366530346363623165663831323063653865343766363266333638
33396635653732313564303566353462333963666566353233346433623166316438393964313834
36323735626161343162306363666566663062313065626161643363313136316436326261663666
61313736643464393730326161346563316564343564353362393134633762663937313730623335
39343338333232343665663831613565633533363734343165393266306637376439316364323461
35306363393239353730373038376633396163633764353839303461653163346638306265356536
38383966356531353838316339613639666634663635356431656365646266326137376463346332
35663530336434633139366363383633643834343861303438643734653863613338326333323030
65643037326363373839353838313135373831623131393233353134366137353362366562663065
35663861306339633335323030663735356565323235643032313937363466623463656464306265
39313361616562663738663339626439363633666633613961343765666432396230313930346634
33343236323164393133303234313732313864393830613136353231636465326638396664653339
33383835353438323939313463323563626262613330373531393561326638643937643634323938
63333935353666366462646264376336633030363738366430653135626461363334303762303030
65373565646636633763333936366265626266313133313939363664326161333265306231626436
35636265373232333335396430343564353230616232363164303865376332386632633035636666
61623637393163356533316330633661353537393362336435643861343136326136356135303761
36363365646637363062626130383537353737653765393339336633353465393564323762613263
63643762303462363938613835633934643834643537623361363338313231613939383062636536
35613966383563613265353666623230666365316666316537366666616139323338353530656438
30383635306535356261343762313366643737356631663031383264633732653365313361626464
34616430353465383736366533386635386136386536313431376636656162386234663062633437
62363738653338313964376163643835663666336130323232373738333833306362393766383432
35396266316534363464616135656339333065323935373066333131643532373533643163653761
33316538616661333732613161663862633563653065306532666363376334343135383161316632
36636137356562653836613032333465363339373231633037336132356263343535363337343661
39376437636165373163363763353261373433383735333833633133326166643464316363313830
6364
